%YAML:1.0
---
opencv_lbphfaces:
   threshold: 50.
   radius: 2
   neighbors: 2
   grid_x: 7
   grid_y: 7
   histograms:
      - !!opencv-matrix
         rows: 1
         cols: 196
         dt: f
         data: [ 0.0722222254, 0.0533333346, 0.712222219, 0.162222221,
             0.0622222237, 0.650000036, 0.105555557, 0.182222232,
             0.121111117, 0.104444444, 0.398888886, 0.375555575,
             0.13000001, 0.137777776, 0.312222242, 0.420000017,
             0.142222226, 0.282222241, 0.165555567, 0.409999996,
             0.0600000024, 0.0811111107, 0.713333368, 0.145555556,
             0.126666665, 0.144444451, 0.432222247, 0.296666682,
             0.108888894, 0.182222232, 0.49333334, 0.215555564,
             0.0933333337, 0.232222229, 0.50555557, 0.168888897,
             0.0911111161, 0.294444442, 0.265555561, 0.348888904,
             0.13666667, 0.12888889, 0.313333333, 0.421111107,
             0.121111117, 0.219999999, 0.266666681, 0.392222226,
             0.13666667, 0.404444456, 0.141111121, 0.317777783,
             0.0644444451, 0.0633333325, 0.702222228, 0.170000002,
             0.164444447, 0.135555565, 0.453333348, 0.24666667,
             0.112222224, 0.12888889, 0.584444463, 0.174444452,
             0.120000005, 0.324444443, 0.303333342, 0.25222224,
             0.118888892, 0.219999999, 0.50444448, 0.156666666,
             0.140000001, 0.325555563, 0.290000021, 0.244444445,
             0.0944444463, 0.521111131, 0.171111122, 0.213333338,
             0.148888886, 0.278888881, 0.352222234, 0.219999999,
             0.13000001, 0.0755555555, 0.517777801, 0.276666671,
             0.0611111112, 0.0411111116, 0.74555558, 0.152222231,
             0.122222222, 0.378888905, 0.245555565, 0.25333333,
             0.0855555609, 0.25777778, 0.450000018, 0.206666678,
             0.0955555588, 0.212222233, 0.443333358, 0.248888895,
             0.0922222212, 0.674444437, 0.0600000024, 0.173333332,
             0.127777785, 0.353333354, 0.336666673, 0.182222232,
             0.11444445, 0.12555556, 0.548888922, 0.211111113,
             0.0522222221, 0.0088888891, 0.805555582, 0.13333334,
             0.122222222, 0.237777784, 0.370000005, 0.270000011,
             0.103333339, 0.268888891, 0.421111107, 0.206666678,
             0.103333339, 0.358888894, 0.272222221, 0.265555561,
             0.0733333379, 0.628888905, 0.036666669, 0.26111111,
             0.152222231, 0.409999996, 0.150000006, 0.287777781,
             0.108888894, 0.291111112, 0.333333343, 0.266666681,
             0.0711111128, 0.122222222, 0.710000038, 0.0966666713,
             0.101111114, 0.24777779, 0.430000007, 0.221111119,
             0.13000001, 0.25, 0.310000002, 0.310000002, 0.113333337,
             0.25444445, 0.383333355, 0.248888895, 0.0722222254,
             0.692222238, 0.0377777778, 0.197777778, 0.0799999982,
             0.434444457, 0.189999998, 0.295555562, 0.0477777794,
             0.200000003, 0.536666691, 0.215555564, 0.102222227,
             0.222222224, 0.51222223, 0.163333341, 0.0877777785,
             0.0644444451, 0.706666708, 0.141111121, 0.103333339,
             0.25222224, 0.334444463, 0.310000002, 0.150000006,
             0.283333331, 0.26111111, 0.305555552, 0.0977777839,
             0.521111131, 0.112222224, 0.268888891, 0.135555565,
             0.313333333, 0.195555568, 0.355555564 ]
      - !!opencv-matrix
         rows: 1
         cols: 196
         dt: f
         data: [ 0.0822222233, 0.658888876, 0.121111117, 0.137777776,
             0.0900000036, 0.428888887, 0.170000002, 0.311111122,
             0.121111117, 0.233333334, 0.191111118, 0.454444468,
             0.138888896, 0.171111122, 0.175555557, 0.51444447,
             0.0855555609, 0.528888881, 0.0544444472, 0.331111133,
             0.086666666, 0.186666667, 0.469999999, 0.25666666,
             0.120000005, 0.611111104, 0.112222224, 0.156666666,
             0.0600000024, 0.702222228, 0.111111112, 0.126666665,
             0.108888894, 0.103333339, 0.49666667, 0.291111112,
             0.098888889, 0.24777779, 0.374444455, 0.278888881,
             0.098888889, 0.445555568, 0.156666666, 0.298888892,
             0.0799999982, 0.323333353, 0.301111132, 0.295555562,
             0.101111114, 0.378888905, 0.300000012, 0.219999999,
             0.0677777827, 0.75333333, 0.0311111119, 0.147777781,
             0.138888896, 0.420000017, 0.296666682, 0.144444451,
             0.127777785, 0.152222231, 0.49555558, 0.224444449,
             0.118888892, 0.163333341, 0.435555577, 0.282222241,
             0.108888894, 0.603333354, 0.0788888931, 0.208888888,
             0.12888889, 0.226666674, 0.426666677, 0.217777789,
             0.111111112, 0.575555563, 0.158888891, 0.154444441,
             0.116666667, 0.568888903, 0.0966666713, 0.217777789,
             0.0688888878, 0.245555565, 0.573333323, 0.112222224,
             0.107777782, 0.0799999982, 0.535555542, 0.276666671,
             0.111111112, 0.291111112, 0.308888882, 0.288888901,
             0.100000001, 0.425555557, 0.244444445, 0.230000004,
             0.101111114, 0.296666682, 0.431111127, 0.171111122,
             0.0444444455, 0.75, 0.0755555555, 0.13000001, 0.144444451,
             0.401111126, 0.176666677, 0.277777791, 0.0900000036,
             0.0844444484, 0.685555577, 0.140000001, 0.0877777785,
             0.105555557, 0.453333348, 0.353333354, 0.0900000036,
             0.0877777785, 0.518888891, 0.303333342, 0.109999999,
             0.321111113, 0.304444462, 0.264444441, 0.102222227,
             0.445555568, 0.24777779, 0.204444453, 0.0677777827,
             0.727777779, 0.024444446, 0.180000007, 0.100000001,
             0.141111121, 0.276666671, 0.482222229, 0.027777778,
             0.0199999996, 0.891111135, 0.0611111112, 0.0788888931,
             0.0633333325, 0.574444473, 0.283333331, 0.12888889,
             0.245555565, 0.313333333, 0.312222242, 0.120000005,
             0.280000001, 0.25555557, 0.344444454, 0.0922222212,
             0.453333348, 0.236666679, 0.217777789, 0.108888894,
             0.577777803, 0.123333335, 0.189999998, 0.0655555576,
             0.107777782, 0.356666684, 0.469999999, 0.0900000036,
             0.191111118, 0.606666684, 0.112222224, 0.0633333325,
             0.0788888931, 0.573333323, 0.284444451, 0.118888892,
             0.185555562, 0.343333334, 0.352222234, 0.106666669,
             0.274444461, 0.276666671, 0.342222244, 0.0788888931,
             0.578888893, 0.185555562, 0.156666666, 0.161111116,
             0.334444463, 0.153333336, 0.351111114, 0.0611111112,
             0.0544444472, 0.371111125, 0.513333321 ]
      - !!opencv-matrix
         rows: 1
         cols: 196
         dt: f
         data: [ 0.13333334, 0.111111112, 0.532222211, 0.223333344,
             0.0811111107, 0.441111118, 0.24000001, 0.237777784,
             0.0944444463, 0.448888898, 0.144444451, 0.312222242,
             0.148888886, 0.154444441, 0.303333342, 0.393333346,
             0.112222224, 0.172222227, 0.426666677, 0.288888901,
             0.100000001, 0.098888889, 0.49000001, 0.311111122,
             0.11444445, 0.451111108, 0.156666666, 0.277777791,
             0.0633333325, 0.206666678, 0.546666682, 0.183333337,
             0.0922222212, 0.416666687, 0.303333342, 0.187777787,
             0.121111117, 0.210000008, 0.343333334, 0.325555563,
             0.118888892, 0.26000002, 0.214444444, 0.406666666,
             0.122222222, 0.223333344, 0.25555557, 0.398888886,
             0.0977777839, 0.292222232, 0.402222246, 0.207777783,
             0.124444447, 0.304444462, 0.283333331, 0.287777781,
             0.109999999, 0.267777771, 0.423333347, 0.198888898,
             0.120000005, 0.13333334, 0.50111115, 0.245555565,
             0.118888892, 0.144444451, 0.465555578, 0.271111131,
             0.145555556, 0.379999995, 0.218888894, 0.25555557,
             0.144444451, 0.216666669, 0.379999995, 0.2588889,
